default
power
inverse
rayleigh
single pass

>> counterMatrix

counterMatrix =

  Columns 1 through 6

           0           0           0           0           0           0
        1261         281        5000        5000        5000        1458
           4           5           1           1           1           4
           4           5           1           2           1           5
           1           1           1           1           1           1

  Columns 7 through 12

           0           0           0           0           0           0
        5000        5000        5000         407        1039        5000
           1           1           1           6           5           4
           1           1           2           7           6           4
           1           1           1           1           1           1

  Columns 13 through 18

           0           0           0           0           0           0
        5000        5000        1146        5000        5000        1738
           1           1           6           8           1           6
           1           1           7           9           2           6
           1           1           1           1           1           1

  Columns 19 through 20

           0           0
        5000        5000
           1           4
           1           4
           1           1

>> answerMatrix

answerMatrix =

  Columns 1 through 7

   13.9003   19.9801   23.8319   28.0378   30.7566   34.3833   37.0335
   13.9003   19.9800  -24.6059  -28.0791  -31.4426   34.3833  -37.3979
   13.9003   19.0282  -24.6059  -28.0791  -31.4426   34.3833  -37.3979
   13.9003   19.0282  -24.6059  -28.0791  -31.4426   34.3833  -37.3979
   13.9003   19.9801   23.8319   28.0378   30.7566   34.3833   37.0335

  Columns 8 through 14

   39.3308   42.2040   44.6411   46.5965   48.6069   50.6499   52.1709
  -39.9946  -42.2965   44.6407   46.5965   48.1831  -51.0730  -52.5185
  -39.9946  -42.2965   42.1497   43.9410   48.6069  -51.0730  -52.5185
  -39.9946  -42.2965   42.1497   43.9410   48.6069  -51.0730  -52.5185
   39.3308   42.2040   44.6411   46.5965   48.6069   50.6499   52.1709

  Columns 15 through 20

   54.6212   56.0292   58.2839   59.5301   61.4170   62.6803
   54.6212  -56.2525  -58.3604   59.5300  -61.6746   21.4545
   53.8645   52.1722  -58.3605   58.9840  -61.6746   62.6803
   53.8645   52.1722  -58.3605   58.9840  -61.6746   62.6803
   54.6212   56.0292   58.2839   59.5301   61.4170   62.6803
