Order:
built in
power iteration
inverse iteration
rayleigh
single pass

counterMatrix

counterMatrix =

  Columns 1 through 6

           0           0           0           0           0           0
         260        5000         525        5000         283         342
          10           2           4          11           5           6
          10           1           4           8           5           9
           1           1           1           1           1           1

  Columns 7 through 12

           0           0           0           0           0           0
        5000        5000        5000        5000        5000        1346
           1           2           4        5000          11           5
           1           1           4           9           6           5
           1           1           1           1           1           1

  Columns 13 through 18

           0           0           0           0           0           0
        2081        5000        5000        5000        5000        1318
           4           2        5000           2           5           9
           4           2        5000           2           5          10
           1           1           1           1           1           1

  Columns 19 through 20

           0           0
        1809        1646
           7           5
           8           5
           1           1

>> answerMatrix

answerMatrix =

  Columns 1 through 7

   14.5346   19.6781   24.5698   27.3359   32.3115   34.8434   36.7570
   14.5346  -19.8523   24.5698  -27.7855   32.3115   34.8434  -37.4324
   14.5346  -19.8523   24.5698   26.6248   31.2575   32.0524  -37.4324
   14.5346  -19.8523   24.5698   26.6248   31.2575   32.0524  -37.4324
   14.5346   19.6781   24.5698   27.3359   32.3115   34.8434   36.7570

  Columns 8 through 14

   39.6323   42.3593   44.3191   46.5580   49.2368   50.9928   52.5654
  -39.8797   42.3592  -44.3918  -46.6500   49.2368   50.9927  -52.9017
  -39.8797   39.1814   42.6848   46.4305   49.2368   50.9928  -52.9017
  -39.8797   39.1814   42.6848   46.4305   49.2368   50.9928  -52.9017
   39.6323   42.3593   44.3191   46.5580   49.2368   50.9928   52.5654

  Columns 15 through 20

   54.2947   56.1880   57.5875   60.1633   61.3727   63.2275
  -54.7469  -56.2677  -58.2230   60.1633   61.3727   63.2275
  -54.7469  -56.2679   57.5875   56.6587   59.6051   63.2275
  -54.7469  -56.2679   57.5875   56.6587   59.6051   63.2275
   54.2947   56.1880   57.5875   60.1633   61.3727   63.2275