Order:
built in
power iteration
inverse iteration
rayleigh
single pass

>> counterMatrix

counterMatrix =

  Columns 1 through 6

           0           0           0           0           0           0
           8           6           5           5           4           4
           2           2           2           2           2           2
           2           2           2           2           2           2
           1           1           1           1           1           1

  Columns 7 through 12

           0           0           0           0           0           0
           4           4           4           4           4           3
           2           3           2        5000           2           1
           2           2           7        5000           2           1
           1           1           1           1           1           1

  Columns 13 through 18

           0           0           0           0           0           0
           3           3           3           3           3           3
           1           1           1           1           1           1
           1           1           1           1           1           1
           1           1           1           1           1           1

  Columns 19 through 20

           0           0
           3           3
           1           1
           1           1
           1           1

>> answerMatrix

answerMatrix =

  Columns 1 through 7

    5.8275   10.2872   15.4161   20.4501   25.4852   30.3793   35.0059
    5.8275   10.2872   15.4161   20.4501   25.4852   30.3793   35.0059
    5.8275   10.2872   15.4161   20.4501   25.4852   30.3793   35.0059
    5.8275   10.2872   15.4161   20.4501   25.4852   30.3793   35.0059
    5.8275   10.2872   15.4161   20.4501   25.4852   30.3793   35.0059

  Columns 8 through 14

   40.5676   45.3039   50.6016   55.3897   60.3268   65.8059   70.7452
   40.5676   45.3039   50.6016   55.3897   60.3268   65.8059   70.7452
   40.5676   45.3039   50.6016   55.3897   60.3268   65.8059   70.7452
   40.5676   45.3039   50.6016   55.3897   60.3268   65.8059   70.7452
   40.5676   45.3039   50.6016   55.3897   60.3268   65.8059   70.7452

  Columns 15 through 20

   75.5404   80.5498   85.5290   90.7210   95.8839  100.6841
   75.5404   80.5498   85.5290   90.7210   95.8839  100.6841
   75.5404   80.5498   85.5290   90.7210   95.8839  100.6841
   75.5404   80.5498   85.5290   90.7210   95.8839  100.6841
   75.5404   80.5498   85.5290   90.7210   95.8839  100.6841