default
power
inverse
rayleigh
singlepass

>> counterMatrix

counterMatrix =

  Columns 1 through 13

     0     0     0     0     0     0     0     0     0     0     0     0     0
     3     2     2     2     2     2     2     2     2     2     2     2     2
     1     0     0     0     0     0     0     0     0     0     0     0     0
     1     0     0     0     0     0     0     0     0     0     0     0     0
     1     1     1     1     1     1     1     1     1     1     1     1     1

  Columns 14 through 20

     0     0     0     0     0     0     0
     2     2     2     2     2     2     2
     0     0     0     0     0     0     0
     0     0     0     0     0     0     0
     1     1     1     1     1     1     1

>> answerMatrix

answerMatrix =

   1.0e+03 *

  Columns 1 through 7

    0.0502    0.1003    0.1498    0.1997    0.2503    0.2998    0.3499
    0.0502    0.1003    0.1498    0.1997    0.2503    0.2998    0.3499
    0.0502    0.1003    0.1498    0.1997    0.2503    0.2998    0.3499
    0.0502    0.1003    0.1498    0.1997    0.2503    0.2998    0.3499
    0.0502    0.1003    0.1498    0.1997    0.2503    0.2998    0.3499

  Columns 8 through 14

    0.4001    0.4502    0.5000    0.5501    0.6000    0.6496    0.7001
    0.4001    0.4502    0.5000    0.5501    0.6000    0.6496    0.7001
    0.4001    0.4502    0.5000    0.5501    0.6000    0.6496    0.7001
    0.4001    0.4502    0.5000    0.5501    0.6000    0.6496    0.7001
    0.4001    0.4502    0.5000    0.5501    0.6000    0.6496    0.7001

  Columns 15 through 20

    0.7502    0.7995    0.8499    0.9003    0.9504    1.0003
    0.7502    0.7995    0.8499    0.9003    0.9504    1.0003
    0.7502    0.7995    0.8499    0.9003    0.9504    1.0003
    0.7502    0.7995    0.8499    0.9003    0.9504    1.0003
    0.7502    0.7995    0.8499    0.9003    0.9504    1.0003