default
power
inverse
rayleigh
single pass

counterMatrix =

  Columns 1 through 13

     0     0     0     0     0     0     0     0     0     0     0     0     0
    15     8     7     6     5     5     5     5     4     4     4     4     4
     3     2     2     2     2     2     2     2     2     2     2     2     3
     3     2     2     2     2     2     2     2     2     2     2     2     2
     1     1     1     1     1     1     1     1     1     1     1     1     1

  Columns 14 through 20

     0     0     0     0     0     0     0
     4     4     4     4     4     4     4
     2     3     3     3     2     5     2
     2     2     7     3     2     2     2
     1     1     1     1     1     1     1

>> answerMatrix

answerMatrix =

  Columns 1 through 7

    5.5223   11.1400   15.0200   21.2507   26.0358   31.4673   36.0690
    5.5223   11.1400   15.0200   21.2507   26.0358   31.4673   36.0690
    5.5223   11.1400   15.0200   21.2507   26.0358   31.4673   36.0690
    5.5223   11.1400   15.0200   21.2507   26.0358   31.4673   36.0690
    5.5223   11.1400   15.0200   21.2507   26.0358   31.4673   36.0690

  Columns 8 through 14

   41.0754   45.8181   50.7364   55.4850   60.8227   66.1462   70.6254
   41.0754   45.8181   50.7364   55.4850   60.8227   66.1462   70.6254
   41.0754   45.8181   50.7364   55.4850   60.8227   66.1462   70.6254
   41.0754   45.8181   50.7364   55.4850   60.8227   66.1462   70.6254
   41.0754   45.8181   50.7364   55.4850   60.8227   66.1462   70.6254

  Columns 15 through 20

   75.9859   80.8854   86.4035   90.8908   96.0302  100.6226
   75.9859   80.8854   86.4035   90.8908   96.0302  100.6226
   75.9859   80.8854   86.4035   90.8908   96.0302  100.6226
   75.9859   80.8854   86.4035   90.8908   96.0302  100.6226
   75.9859   80.8854   86.4035   90.8908   96.0302  100.6226