default
power
inverse
rayleigh
single pass

>> counterMatrix

counterMatrix =

  Columns 1 through 13

     0     0     0     0     0     0     0     0     0     0     0     0     0
    97    24    16    13    11     9     9     8     8     8     7     7     7
     0     0     2     2     2     2     2     2     2     2     2     2     2
     0     0     3     3     2     2     2     2     2     2     2     2     2
     1     1     1     1     1     1     1     1     1     1     1     1     1

  Columns 14 through 20

     0     0     0     0     0     0     0
     7     7     6     6     6     6     6
     2     2     2     2     2     2     2
     2     2     2     2     2     2     2
     1     1     1     1     1     1     1

>> answerMatrix

answerMatrix =

  Columns 1 through 7

    4.0719    5.9625    8.6312   10.9235   13.4358   15.9511   18.7462
    4.0719    5.9625    8.6312   10.9235   13.4358   15.9511   18.7462
    3.9555    5.8857    8.6312   10.9235   13.4358   15.9511   18.7462
    3.9555    5.8857    8.6312   10.9235   13.4358   15.9511   18.7462
    4.0719    5.9625    8.6312   10.9235   13.4358   15.9511   18.7462

  Columns 8 through 14

   20.6957   23.8050   25.9729   28.7046   31.1226   33.2925   35.7807
   20.6957   23.8050   25.9729   28.7046   31.1226   33.2925   35.7807
   20.6957   23.8050   25.9729   28.7046   31.1226   33.2925   35.7807
   20.6957   23.8050   25.9729   28.7046   31.1226   33.2925   35.7807
   20.6957   23.8050   25.9729   28.7046   31.1226   33.2925   35.7807

  Columns 15 through 20

   38.4299   40.7446   43.6243   45.5889   48.1140   50.6341
   38.4299   40.7446   43.6243   45.5889   48.1140   50.6341
   38.4299   40.7446   43.6243   45.5889   48.1140   50.6341
   38.4299   40.7446   43.6243   45.5889   48.1140   50.6341
   38.4299   40.7446   43.6243   45.5889   48.1140   50.6341