default
power
inverse
rayleigh
single pass

>> counterMatrix

counterMatrix =

  Columns 1 through 13

     0     0     0     0     0     0     0     0     0     0     0     0     0
     9     6     6     5     5     5     4     4     4     4     4     4     4
     0     3     2     2     2     2     2     2     2     2     2     2     2
     0     4     2     3     3     2     3     3     3     3     3     2     3
     1     1     1     1     1     1     1     1     1     1     1     1     1

  Columns 14 through 20

     0     0     0     0     0     0     0
     4     4     4     4     4     4     3
     2     2     2     2     2     2     1
     2     3     3     3     3     3     1
     1     1     1     1     1     1     1

>> answerMatrix

answerMatrix =

  Columns 1 through 7

    5.2535    9.7850   14.9343   19.9161   24.9669   29.8948   34.5099
    5.2536    9.7849   14.9344   19.9161   24.9669   29.8947   34.5099
    5.2356    9.7850   14.9343   19.9161   24.9669   29.8948   34.5099
    5.2356    9.7850   14.9343   19.9161   24.9669   29.8948   34.5099
    5.2535    9.7850   14.9343   19.9161   24.9669   29.8948   34.5099

  Columns 8 through 14

   40.0806   44.8432   50.0934   54.9178   59.8240   65.3116   70.2905
   40.0805   44.8432   50.0934   54.9178   59.8240   65.3116   70.2905
   40.0806   44.8432   50.0934   54.9178   59.8240   65.3116   70.2905
   40.0806   44.8432   50.0934   54.9178   59.8240   65.3116   70.2905
   40.0806   44.8432   50.0934   54.9178   59.8240   65.3116   70.2905

  Columns 15 through 20

   75.0232   80.0811   85.0567   90.2541   95.4052  100.1941
   75.0233   80.0811   85.0568   90.2541   95.4052  100.1940
   75.0232   80.0811   85.0567   90.2541   95.4052  100.1941
   75.0232   80.0811   85.0567   90.2541   95.4052  100.1941
   75.0232   80.0811   85.0567   90.2541   95.4052  100.1941